OTU	a1	a2	a3	a4	a5	a6
OTU_2	6421	12911	14126	6587	6220	4100
OTU_3	1088	846	3608	1470	540	570
OTU_4	713	790	1714	637	465	621
OTU_5	115	56	73	61	23	39
OTU_7	27	25	38	73	53	52
OTU_8	5	4	6	10	3	6
OTU_9	7	14	14	4	4	3
OTU_10	2	1	4	7	6	5
OTU_11	476	709	700	385	326	448
OTU_12	20	22	26	30	26	11
OTU_13	33	16	118	64	3	17
OTU_14	137	119	112	149	91	91
OTU_15	4	2	0	2	1	4
OTU_16	45	58	45	20	35	22
OTU_17	11	13	13	28	20	18
OTU_18	69	88	90	92	71	45
OTU_19	29	76	47	19	119	64
OTU_20	8	14	7	18	8	11
OTU_21	0	0	1	0	0	1
OTU_22	2	5	7	17	8	6
OTU_23	6	8	9	10	10	8
OTU_24	0	0	0	2	0	0
OTU_25	3	9	2	4	2	0
OTU_26	40	49	58	54	34	32
OTU_27	0	2	1	3	0	5
OTU_28	9	44	43	11	7	18
OTU_29	1	0	2	3	2	1
OTU_31	0	0	1	1	0	0
OTU_32	2	4	4	15	4	4
OTU_33	19	25	22	31	15	25
OTU_34	0	14	10	58	30	21
OTU_35	5	5	6	8	2	6
OTU_36	1	3	7	9	7	5
OTU_37	1	0	1	1	0	4
OTU_38	0	0	1	5	1	1
OTU_39	164	70	103	164	97	62
OTU_40	36	30	41	39	35	15
OTU_41	306	120	204	301	148	163
OTU_42	2	0	0	3	1	1
OTU_43	7	7	6	2	1	2
OTU_44	13	17	20	56	22	37
OTU_45	14	24	13	17	20	15
OTU_46	15	4	14	9	10	5
OTU_47	2	3	2	11	2	3
OTU_48	0	2	0	0	2	5
OTU_49	0	0	0	1	1	0
OTU_50	0	0	0	0	1	0
OTU_51	169	120	405	229	82	52
OTU_52	9	5	14	15	2	9
OTU_53	11	23	9	35	28	31
OTU_54	110	40	60	72	59	26
OTU_55	176	75	147	204	147	128
OTU_56	7	15	11	13	3	11
OTU_57	0	0	0	2	1	0
OTU_58	31	53	37	26	17	35
OTU_59	0	0	0	0	0	1
OTU_60	8	8	11	13	11	5
OTU_62	11	5	6	11	9	6
OTU_63	1	0	1	1	0	0
OTU_64	33	32	63	74	19	35
OTU_65	27	76	59	41	51	35
OTU_66	18	15	18	28	17	15
OTU_67	1	0	0	2	0	0
OTU_68	7	8	5	16	7	5
OTU_69	1	4	1	3	1	2
OTU_70	6	8	15	17	9	6
OTU_71	75	80	99	186	244	61
OTU_72	7	1	1	6	2	3
OTU_73	4	17	16	7	28	27
OTU_74	15	29	55	56	63	65
OTU_75	1	0	0	6	0	2
OTU_76	36	18	42	165	48	47
OTU_77	12	10	10	13	6	6
OTU_78	1	3	3	1	1	1
OTU_79	1	0	2	1	3	1
OTU_80	2	2	2	7	1	2
OTU_81	18	17	26	48	28	27
OTU_82	7	28	13	12	7	16
OTU_83	2	5	4	6	2	5
OTU_84	0	0	2	0	0	0
OTU_85	1	0	1	0	1	0
OTU_86	3	0	1	3	2	1
OTU_87	1	2	0	5	1	1
OTU_88	0	2	0	2	0	1
OTU_89	19	8	23	11	21	11
OTU_90	49	28	63	96	36	55
OTU_91	2	0	0	1	1	1
OTU_92	0	1	2	13	12	2
OTU_93	0	1	1	1	9	0
OTU_95	0	2	1	3	0	0
OTU_96	22	28	27	21	15	9
OTU_97	15	21	25	25	6	9
OTU_98	1	2	0	1	1	4
OTU_99	22	11	17	19	14	20
OTU_100	2	2	2	3	0	3
OTU_101	13	43	27	28	14	15
OTU_103	68	70	59	54	45	38
OTU_104	0	1	1	2	0	1
OTU_105	8	11	20	10	5	6
OTU_106	0	0	1	0	0	0
OTU_108	7	7	16	12	6	3
OTU_109	21	32	27	22	14	15
OTU_110	11	12	16	9	8	7
OTU_111	0	0	0	3	0	1
OTU_112	6	0	0	3	2	1
OTU_113	3	1	4	2	1	3
OTU_114	31	27	43	31	26	12
OTU_115	1	0	0	2	1	0
OTU_116	0	0	1	2	5	3
OTU_117	0	1	2	0	0	1
OTU_118	0	4	4	3	1	1
OTU_119	7	3	3	16	2	5
OTU_120	1	0	0	0	0	1
OTU_121	0	10	2	2	0	11
OTU_122	13	9	12	13	10	13
OTU_123	49	43	47	34	20	26
OTU_124	1	0	1	0	0	2
OTU_126	33	29	52	103	91	31
OTU_127	2	0	2	2	0	4
OTU_128	0	0	4	5	4	1
OTU_129	0	0	0	0	0	1
OTU_131	7	6	3	11	5	0
OTU_132	15	14	8	22	6	4
OTU_133	10	7	14	13	4	8
OTU_134	0	2	4	4	12	2
OTU_135	0	1	1	2	0	0
OTU_136	2	0	2	4	3	2
OTU_137	0	1	0	0	0	0
OTU_138	2	2	4	4	2	0
OTU_139	43	15	36	47	7	17
OTU_140	86	180	166	54	39	49
OTU_141	0	0	0	1	1	0
OTU_142	1	3	5	6	2	5
OTU_143	2	0	4	3	2	7
OTU_144	1	0	0	1	0	1
OTU_145	1	1	0	2	1	0
OTU_146	0	0	0	1	0	0
OTU_147	0	0	0	0	1	0
OTU_148	0	0	0	0	0	1
OTU_149	64	54	51	57	43	29
OTU_150	0	0	0	0	0	3
OTU_151	9	28	29	14	26	34
OTU_152	3	1	2	3	0	1
OTU_153	1	0	0	0	0	2
OTU_155	0	1	0	1	0	0
OTU_156	0	0	0	1	0	1
OTU_158	0	0	1	1	1	0
OTU_159	0	0	0	0	1	0
OTU_160	7	5	4	8	5	6
OTU_161	3	2	4	2	4	1
OTU_162	0	0	1	0	0	0
OTU_163	1	0	0	0	0	2
OTU_164	1	0	2	0	1	2
OTU_165	3	3	2	11	3	1
OTU_166	2	2	1	2	1	1
OTU_168	1	2	4	1	0	1
OTU_169	3	1	1	4	1	2
OTU_171	0	0	2	1	1	0
OTU_172	3	2	1	4	3	1
OTU_173	0	0	0	0	3	0
OTU_174	0	1	1	4	1	1
OTU_175	1	0	0	1	0	0
OTU_176	6	1	4	16	0	3
OTU_177	5	4	3	4	5	3
OTU_178	1	3	1	0	0	1
OTU_179	0	2	0	0	0	0
OTU_181	2	3	7	4	2	1
OTU_182	0	1	2	3	0	2
OTU_183	18	28	38	33	7	13
OTU_184	0	1	2	1	2	1
OTU_185	1	0	1	1	0	0
OTU_186	19	11	19	36	47	12
OTU_187	0	3	0	2	3	2
OTU_188	0	1	0	0	0	1
OTU_189	14	15	13	9	7	7
OTU_190	6	5	4	6	2	3
OTU_192	0	0	2	8	2	3
OTU_193	0	0	1	0	0	0
OTU_194	6	3	6	2	4	3
OTU_195	0	1	1	1	0	0
OTU_196	6	3	4	11	11	9
OTU_197	0	0	0	1	0	0
OTU_198	1	0	0	0	0	0
OTU_199	0	1	1	3	2	0
OTU_201	0	0	0	1	0	0
OTU_203	3	1	0	2	4	2
OTU_204	6	10	12	19	15	12
OTU_205	1	0	0	0	0	0
OTU_206	4	1	0	3	1	1
OTU_207	2	2	9	12	1	9
OTU_208	0	3	4	1	1	2
OTU_209	5	15	10	13	17	7
OTU_210	1	0	0	0	0	0
OTU_211	12	7	12	7	8	9
OTU_212	0	1	2	1	4	2
OTU_213	0	0	1	0	0	0
OTU_215	21	15	29	22	17	12
OTU_217	0	3	0	1	1	1
OTU_218	1	1	0	0	0	0
OTU_219	1	1	0	3	2	2
OTU_221	0	0	1	1	0	2
OTU_222	1	1	0	1	0	0
OTU_223	3	9	6	8	7	6
OTU_224	0	1	2	0	0	1
OTU_225	3	1	2	1	0	1
OTU_227	0	0	0	0	0	1
OTU_228	5	7	10	8	8	7
OTU_229	0	1	2	0	2	1
OTU_231	4	6	8	2	1	1
OTU_234	10	7	40	10	10	7
OTU_235	1	1	2	5	2	4
OTU_236	0	1	0	0	0	1
OTU_238	1	0	0	1	0	0
OTU_240	6	9	13	9	12	10
OTU_241	1	0	2	0	0	2
OTU_242	3	7	10	9	9	7
OTU_244	0	3	1	3	4	1
OTU_245	2	1	2	5	3	1
OTU_247	0	1	0	4	0	0
OTU_248	4	4	2	3	5	1
OTU_249	2	0	3	4	2	2
OTU_250	5	4	4	3	6	7
OTU_251	1	0	1	1	1	2
OTU_253	4	5	7	18	5	15
OTU_254	4	0	1	0	2	2
OTU_255	0	0	0	2	0	1
OTU_257	0	0	0	1	0	0
OTU_258	5	8	7	3	1	7
OTU_260	7	4	4	15	3	3
OTU_261	29	23	32	31	30	16
OTU_262	5	6	11	8	7	6
OTU_263	0	1	1	3	1	1
OTU_264	10	2	12	9	4	1
OTU_265	0	0	2	0	0	0
OTU_266	0	0	1	2	0	1
OTU_267	0	0	1	0	0	1
OTU_268	5	6	7	3	4	5
OTU_269	1	1	0	0	0	0
OTU_270	1	0	0	0	0	0
OTU_271	0	0	0	0	1	0
OTU_272	0	0	0	1	0	0
OTU_273	0	1	0	0	0	0
OTU_274	0	0	0	0	0	1
OTU_275	2	0	0	6	2	1
OTU_276	2	2	1	1	1	1
OTU_277	0	0	0	1	1	0
OTU_278	0	9	10	20	3	2
OTU_279	11	21	19	5	13	13
OTU_280	0	0	2	1	0	0
OTU_283	1	0	1	0	0	0
OTU_284	4	3	4	3	4	2
OTU_285	2	7	2	4	2	1
OTU_286	0	0	0	2	0	0
OTU_287	1	1	1	2	0	2
OTU_288	7	14	5	6	2	2
OTU_289	23	2	15	22	15	8
OTU_290	0	0	0	1	0	0
OTU_291	0	0	0	0	1	0
OTU_293	2	1	0	1	2	2
OTU_294	2	4	2	2	1	1
OTU_295	4	7	8	5	2	3
OTU_296	2	0	0	5	1	3
OTU_297	0	0	0	0	1	0
OTU_298	2	4	5	8	5	2
OTU_299	1	1	0	1	0	0
OTU_301	1	0	0	1	0	0
OTU_302	0	1	0	2	0	0
OTU_303	2	2	2	3	2	0
OTU_304	0	3	2	1	1	2
OTU_305	2	5	2	2	5	1
OTU_307	0	0	0	1	0	0
OTU_308	4	5	5	6	3	5
OTU_310	4	5	11	12	12	9
OTU_311	0	0	1	0	0	0
OTU_313	5	2	3	6	6	4
OTU_314	2	2	0	2	0	0
OTU_315	5	0	3	2	1	2
OTU_316	0	0	0	1	0	0
OTU_317	0	1	0	0	0	0
OTU_318	0	0	1	0	0	0
OTU_319	3	2	0	3	2	0
OTU_320	2	0	0	1	3	1
OTU_321	0	0	1	0	0	2
OTU_322	0	1	0	0	1	2
OTU_323	1	1	0	3	0	0
OTU_324	0	0	1	0	0	0
OTU_325	1	0	0	0	1	1
OTU_326	0	0	0	1	0	0
OTU_327	1	2	0	0	0	2
OTU_328	0	0	0	0	1	0
OTU_330	1	1	2	3	1	2
OTU_331	0	0	1	0	0	0
OTU_333	0	5	1	4	2	1
OTU_336	0	1	1	0	3	0
OTU_337	0	0	1	0	0	0
OTU_338	1	1	2	1	2	6
OTU_339	1	0	2	2	1	1
OTU_340	1	0	0	0	1	0
OTU_341	7	3	3	6	1	2
OTU_342	0	0	0	2	0	0
OTU_343	0	0	2	1	0	0
OTU_344	0	0	0	1	0	0
OTU_345	0	0	0	1	0	0
OTU_346	1	3	5	0	6	4
OTU_347	0	1	0	1	0	0
OTU_348	4	3	4	1	1	1
OTU_349	0	2	2	1	2	3
OTU_350	0	0	1	0	0	0
OTU_351	0	0	1	1	0	1
OTU_352	0	1	1	2	1	0
OTU_354	6	8	9	9	12	2
OTU_355	0	0	1	0	0	0
OTU_356	1	2	3	0	1	1
OTU_357	1	0	0	2	0	1
OTU_358	1	1	0	2	0	1
OTU_359	1	1	3	1	3	2
OTU_360	0	1	0	0	0	0
OTU_361	16	9	9	20	16	16
OTU_362	26	46	39	29	37	32
OTU_364	1	0	1	0	0	1
OTU_365	0	2	4	3	1	2
OTU_366	0	0	1	0	0	0
OTU_367	0	0	0	1	0	0
OTU_368	33	23	42	27	33	29
OTU_369	0	1	0	3	1	0
OTU_370	0	0	0	2	0	0
OTU_371	0	0	0	1	0	0
OTU_373	1	0	2	0	0	1
OTU_374	2	1	4	4	0	1
OTU_375	1	0	1	1	0	2
OTU_376	2	1	3	3	4	1
OTU_378	14	10	37	18	9	10
OTU_380	1	0	0	0	0	0
OTU_381	0	1	2	0	2	4
OTU_382	0	0	2	0	0	0
OTU_384	0	1	0	0	0	1
OTU_385	0	0	0	1	1	0
OTU_386	0	2	3	1	0	1
OTU_387	3	1	1	5	0	0
OTU_388	0	0	1	0	0	0
OTU_389	0	0	0	3	1	2
OTU_390	0	0	0	1	0	0
OTU_391	0	1	1	1	1	0
OTU_392	1	0	0	9	2	1
OTU_393	1	0	0	0	0	1
OTU_395	0	2	2	0	0	2
OTU_396	0	0	0	0	0	1
OTU_397	0	0	1	3	1	3
OTU_399	1	1	0	1	1	0
OTU_400	4	1	2	3	0	0
OTU_401	0	2	0	1	1	0
OTU_403	1	0	1	0	0	0
OTU_405	1	1	4	2	0	1
OTU_406	7	7	26	10	1	5
OTU_407	0	0	0	1	2	0
OTU_408	3	6	3	4	5	4
OTU_410	0	0	0	1	0	1
OTU_411	0	0	0	1	0	0
OTU_412	0	0	1	0	0	0
OTU_413	0	0	1	0	0	2
OTU_415	16	9	8	30	12	19
OTU_416	5	21	6	6	13	4
OTU_417	0	1	2	1	0	0
OTU_419	0	0	1	0	0	0
OTU_420	3	6	6	14	11	13
OTU_422	0	0	0	1	0	1
OTU_423	3	2	4	2	6	2
OTU_427	17	14	19	9	8	8
OTU_431	13	34	35	11	36	15
OTU_433	0	1	0	0	0	0
OTU_436	0	0	0	0	1	0
OTU_438	2	0	0	5	2	2
OTU_439	0	0	0	0	0	1
OTU_440	1	0	1	0	2	0
OTU_441	0	0	0	7	0	1
OTU_442	3	2	5	2	6	0
OTU_443	2	0	6	2	0	5
OTU_444	4	4	13	12	4	3
OTU_445	1	0	2	0	0	0
OTU_449	1	0	0	1	0	1
OTU_450	2	0	1	4	4	0
OTU_451	0	0	1	0	0	0
OTU_452	0	0	0	1	1	0
OTU_453	8	1	1	11	5	4
OTU_455	0	1	1	3	0	1
OTU_456	0	0	0	1	0	0
OTU_457	0	0	1	0	0	0
OTU_458	0	0	1	0	0	2
OTU_459	1	4	5	3	2	1
OTU_462	0	0	1	1	0	1
OTU_465	12	12	7	20	28	34
OTU_466	3	6	24	6	0	3
OTU_467	7	3	3	3	2	2
OTU_468	0	0	0	1	0	0
OTU_469	0	0	1	3	2	0
OTU_472	0	0	0	0	0	1
OTU_473	0	1	2	1	0	1
OTU_474	4	7	9	7	3	11
OTU_476	1	1	1	0	2	0
OTU_477	5	7	1	7	3	0
OTU_478	3	5	7	4	6	3
OTU_479	17	31	20	11	14	6
OTU_480	3	1	3	2	1	2
OTU_481	0	0	0	2	0	1
OTU_482	2	0	1	0	0	3
OTU_484	4	0	0	0	2	4
OTU_485	1	1	6	7	0	7
OTU_486	3	12	4	2	10	5
OTU_487	1	0	0	2	0	0
OTU_488	0	0	0	1	0	0
OTU_490	0	0	0	2	1	1
OTU_491	23	15	26	22	6	13
OTU_492	0	0	2	1	1	1
OTU_493	10	35	20	13	12	21
OTU_494	0	0	0	1	0	0
OTU_496	59	16	41	67	31	12
OTU_497	0	0	2	0	2	0
OTU_498	0	0	1	2	2	0
OTU_500	0	0	0	1	0	0
OTU_501	0	0	0	0	2	0
OTU_502	2	2	0	3	0	2
OTU_503	1	0	1	1	0	0
OTU_504	0	3	2	2	2	1
OTU_505	1	1	1	1	0	3
OTU_506	1	0	0	3	0	0
OTU_507	2	1	0	1	0	1
OTU_508	0	0	0	1	0	0
OTU_509	1	0	2	0	3	0
OTU_510	0	0	0	2	0	0
OTU_511	0	2	1	0	1	0
OTU_512	1	0	0	0	0	0
OTU_513	2	2	1	3	1	2
OTU_514	0	0	1	0	0	0
OTU_516	2	3	2	2	0	1
OTU_517	1	1	0	1	5	0
OTU_518	1	1	0	0	1	0
OTU_519	8	10	12	8	3	4
OTU_520	13	1	2	4	7	4
OTU_523	0	0	0	1	0	0
OTU_524	1	1	0	1	1	0
OTU_525	1	0	1	0	2	1
OTU_526	2	0	2	1	1	1
OTU_527	0	0	0	1	0	1
OTU_529	9	4	9	3	5	4
OTU_530	1	0	0	0	1	0
OTU_531	0	0	0	1	0	0
OTU_532	1	1	0	0	0	0
OTU_533	0	1	0	0	0	0
OTU_536	0	1	1	0	0	1
OTU_537	0	1	0	1	0	0
OTU_538	2	1	3	1	2	1
OTU_540	2	0	1	1	1	1
OTU_541	0	0	0	0	0	1
OTU_542	0	1	0	2	0	0
OTU_543	1	0	0	1	1	1
OTU_546	2	0	1	5	0	1
OTU_548	1	1	1	1	1	3
OTU_549	2	1	3	2	1	1
OTU_551	2	2	5	2	2	0
OTU_556	0	0	1	0	0	0
OTU_557	1	1	0	1	0	0
OTU_558	1	0	0	0	0	4
OTU_559	0	0	0	2	0	0
OTU_561	1	0	2	0	1	1
OTU_562	0	2	0	2	0	0
OTU_563	0	0	1	2	0	0
OTU_564	9	1	4	2	3	2
OTU_565	0	1	1	6	4	1
OTU_566	2	0	2	4	0	2
OTU_567	0	0	0	1	0	0
OTU_568	2	0	4	5	3	4
OTU_569	1	1	0	4	1	0
OTU_570	0	0	0	1	0	0
OTU_572	0	0	1	0	0	0
OTU_573	0	1	0	0	0	0
OTU_575	0	0	0	2	0	0
OTU_576	0	0	0	0	3	1
OTU_577	0	0	0	0	0	1
OTU_578	3	5	24	12	4	3
OTU_579	2	3	2	11	0	4
OTU_580	0	2	0	0	0	1
OTU_581	0	0	0	2	0	2
OTU_583	3	3	3	1	2	1
OTU_584	1	4	0	2	3	1
OTU_585	0	0	0	0	1	0
OTU_588	1	2	0	2	0	5
OTU_590	0	0	1	0	0	1
OTU_591	0	0	0	0	0	1
OTU_592	0	0	1	1	0	1
OTU_593	0	0	0	1	0	0
OTU_594	0	0	0	0	2	2
OTU_595	2	0	1	1	1	0
OTU_597	0	0	1	2	0	2
OTU_598	0	0	0	1	0	0
OTU_600	0	0	0	2	0	0
OTU_601	0	0	0	0	0	1
OTU_604	1	0	0	0	0	0
OTU_605	0	0	1	1	0	0
OTU_606	8	3	22	7	8	5
OTU_610	4	3	4	4	4	2
OTU_611	2	0	1	1	0	1
OTU_612	0	0	1	0	3	1
OTU_615	2	5	2	7	1	2
OTU_616	2	1	2	4	3	3
OTU_617	0	2	2	1	0	2
OTU_618	0	1	0	1	0	0
OTU_619	0	0	0	0	1	0
OTU_620	0	0	0	4	0	1
OTU_622	0	0	0	1	0	0
OTU_623	0	0	1	2	1	1
OTU_624	2	1	5	2	1	0
OTU_625	0	0	0	0	1	0
OTU_626	0	2	4	0	0	0
OTU_627	1	2	1	12	2	1
OTU_628	2	1	5	0	2	4
OTU_630	1	5	1	1	0	2
OTU_631	0	0	0	1	0	0
OTU_632	0	0	0	0	1	0
OTU_633	1	0	1	1	0	0
OTU_637	3	2	2	4	9	1
OTU_639	0	0	0	1	0	0
OTU_640	17	6	12	16	7	7
OTU_641	0	1	0	1	0	0
OTU_642	1	1	1	3	0	0
OTU_643	0	0	0	1	0	1
OTU_644	0	1	0	2	1	2
OTU_645	0	0	0	1	0	0
OTU_647	0	1	0	0	0	0
OTU_648	1	1	0	0	0	0
OTU_650	12	14	15	16	9	6
OTU_652	2	1	1	0	0	0
OTU_656	0	0	1	1	0	0
OTU_658	0	2	0	1	0	0
OTU_659	2	1	0	0	2	1
OTU_660	1	0	1	3	1	0
OTU_661	1	0	0	3	0	1
OTU_662	1	2	0	1	0	1
OTU_663	0	0	0	0	1	0
OTU_664	0	0	0	1	0	0
OTU_666	0	1	0	1	0	0
OTU_670	1	16	15	14	12	8
OTU_671	10	14	13	7	6	4
OTU_673	0	0	0	1	0	0
OTU_675	0	0	1	0	0	0
OTU_677	3	2	1	8	0	4
OTU_680	1	2	3	1	2	2
OTU_681	0	0	0	1	1	0
OTU_685	1	0	1	0	3	1
OTU_687	0	1	0	0	0	0
OTU_689	0	0	0	1	1	0
OTU_690	8	3	5	7	0	3
OTU_692	4	3	5	5	6	3
OTU_693	3	5	3	0	5	6
OTU_694	0	1	6	2	0	0
OTU_696	0	2	3	4	1	3
OTU_698	1	0	1	0	0	0
OTU_699	0	0	0	1	0	0
OTU_701	9	19	7	11	6	4
OTU_702	1	1	0	1	3	0
OTU_703	1	3	0	0	1	0
OTU_704	4	1	0	1	0	0
OTU_705	0	1	0	1	1	0
OTU_706	1	0	0	0	0	0
OTU_707	0	4	1	4	0	0
OTU_708	3	4	3	2	2	4
OTU_709	10	0	1	4	2	4
OTU_711	0	0	1	1	0	0
OTU_712	0	1	0	3	1	0
OTU_713	1	1	2	4	3	4
OTU_714	4	1	0	3	6	1
OTU_715	4	0	9	12	1	2
OTU_716	0	0	1	0	0	0
OTU_719	1	0	0	0	0	0
OTU_721	4	7	13	6	2	2
OTU_723	1	2	2	3	0	1
OTU_725	2	3	2	4	3	5
OTU_726	0	1	2	1	0	0
OTU_731	1	1	6	2	0	2
OTU_732	1	2	6	1	1	0
OTU_733	0	0	0	1	0	0
OTU_734	1	3	0	0	0	0
OTU_735	0	1	3	1	1	1
OTU_736	2	2	1	1	3	1
OTU_737	1	1	0	2	1	1
OTU_738	0	0	0	0	0	2
OTU_739	0	0	0	1	1	0
OTU_741	2	0	0	0	0	0
OTU_742	1	2	2	3	1	2
OTU_743	0	0	0	0	0	1
OTU_745	0	0	1	0	0	0
OTU_749	0	4	2	4	0	0
OTU_751	1	3	5	1	1	3
OTU_753	0	0	0	0	1	0
OTU_754	0	2	0	1	1	1
OTU_755	1	0	0	1	0	0
OTU_756	0	1	4	0	1	1
OTU_757	2	0	0	0	0	0
OTU_759	0	0	1	1	1	0
OTU_764	0	0	0	1	0	0
OTU_765	3	1	1	2	6	1
OTU_766	0	0	0	0	1	0
OTU_767	0	0	0	1	1	1
OTU_768	0	0	1	0	0	0
OTU_769	1	1	0	1	0	1
OTU_770	0	0	0	0	0	2
OTU_772	0	1	0	4	0	0
OTU_775	0	0	0	0	0	1
OTU_776	0	0	2	1	1	0
OTU_777	2	4	1	1	4	5
OTU_779	6	1	3	0	2	1
OTU_780	8	6	3	5	8	10
OTU_781	0	0	0	1	0	0
OTU_784	0	0	2	0	0	0
OTU_785	4	1	1	2	1	3
OTU_786	0	2	1	1	1	0
OTU_788	0	0	2	0	0	0
OTU_790	0	0	0	1	0	0
OTU_793	3	4	7	4	7	13
OTU_795	2	2	0	1	2	0
OTU_796	0	1	0	1	0	0
OTU_797	0	2	0	1	0	1
OTU_798	3	6	7	3	2	6
OTU_799	0	1	0	3	1	1
OTU_801	1	1	1	1	2	2
OTU_802	9	6	11	11	6	3
OTU_803	2	0	0	2	1	0
OTU_805	0	1	0	2	0	0
OTU_807	3	0	2	0	2	3
OTU_808	0	1	0	0	0	1
OTU_809	0	1	0	2	0	0
OTU_812	1	0	1	1	0	0
OTU_813	0	0	3	0	0	0
OTU_814	4	2	3	0	3	2
OTU_815	9	5	40	1	9	9
OTU_817	0	0	0	1	0	3
OTU_819	3	2	2	0	1	0
OTU_820	0	2	2	1	0	3
OTU_821	3	2	5	3	1	2
OTU_822	0	0	0	1	0	0
OTU_824	0	0	0	1	1	1
OTU_826	0	2	3	1	0	3
OTU_827	0	0	1	0	1	0
OTU_832	0	0	1	0	0	0
OTU_834	1	4	1	1	0	1
OTU_836	13	12	16	15	10	4
OTU_837	0	0	1	0	0	1
OTU_838	0	0	1	0	0	0
OTU_839	1	3	3	4	3	2
OTU_840	1	1	0	0	0	0
OTU_841	0	0	0	1	0	0
OTU_844	0	0	0	1	0	0
OTU_845	0	0	0	1	0	0
OTU_846	12	4	5	9	6	4
OTU_848	1	2	8	3	2	1
OTU_852	0	0	0	0	0	1
OTU_854	6	4	5	2	6	3
OTU_855	0	0	1	0	0	0
OTU_856	1	0	0	0	0	1
OTU_859	1	1	1	2	0	0
OTU_860	9	6	5	13	5	5
OTU_861	0	0	2	0	0	0
OTU_862	0	0	10	2	2	0
OTU_863	1	1	1	1	3	0
OTU_865	4	1	4	2	2	3
OTU_868	1	0	2	4	0	1
OTU_871	0	0	0	0	0	1
OTU_872	4	5	8	9	6	6
OTU_874	0	1	0	0	0	0
OTU_876	0	0	0	1	0	0
OTU_878	1	0	0	2	0	0
OTU_879	0	0	1	1	0	0
OTU_881	0	0	0	1	0	0
OTU_882	0	0	0	1	0	0
OTU_883	0	1	0	0	0	0
OTU_884	0	0	2	2	2	1
OTU_885	0	0	0	0	1	0
OTU_887	1	4	1	1	1	2
OTU_891	2	1	0	0	2	0
OTU_893	0	0	0	1	0	0
OTU_897	0	0	1	1	0	0
OTU_898	4	0	3	1	1	1
OTU_899	0	1	0	0	0	0
OTU_902	0	0	0	1	0	0
OTU_903	1	1	3	2	1	0
OTU_904	0	0	0	1	0	0
OTU_905	3	3	3	1	2	1
OTU_906	8	2	3	2	0	0
OTU_907	1	7	0	0	2	1
OTU_908	4	1	3	1	3	0
OTU_909	1	0	1	0	1	0
OTU_910	0	2	4	1	2	0
OTU_911	2	1	2	0	1	0
OTU_915	0	3	3	2	6	1
OTU_921	0	0	0	0	1	0
OTU_927	0	0	3	0	0	0
OTU_929	0	0	1	0	0	0
OTU_930	0	0	1	0	0	0
OTU_931	0	1	0	0	0	0
OTU_933	1	2	1	5	2	4
OTU_934	1	0	0	1	0	0
OTU_935	3	0	0	2	0	0
OTU_936	3	0	7	9	2	6
OTU_937	0	0	1	0	0	0
OTU_938	0	1	1	8	5	7
OTU_939	0	1	0	0	0	0
OTU_940	0	1	0	3	2	0
OTU_942	0	2	0	0	0	0
OTU_944	1	1	1	2	0	1
OTU_945	0	0	2	1	4	2
OTU_947	3	1	0	2	2	3
OTU_948	1	0	0	1	1	0
OTU_950	2	5	5	5	2	1
OTU_953	0	1	0	0	0	0
OTU_954	3	1	2	0	2	0
OTU_955	1	0	3	1	0	0
OTU_956	4	3	3	4	3	4
OTU_957	4	1	3	0	2	0
OTU_958	0	1	0	0	0	0
OTU_960	6	3	1	5	1	1
OTU_961	3	0	0	1	1	2
OTU_964	5	2	1	1	0	0
OTU_965	0	0	2	0	0	2
OTU_967	0	1	0	0	0	0
OTU_968	0	1	0	0	0	0
OTU_973	0	1	0	0	0	2
OTU_974	7	3	18	6	2	3
OTU_975	1	0	3	0	1	0
OTU_976	3	2	6	4	0	2
OTU_981	2	0	10	0	1	0
OTU_983	0	0	1	0	0	0
OTU_986	0	1	0	1	0	0
OTU_990	2	0	0	0	2	0
OTU_991	0	1	0	0	1	0
OTU_992	0	5	2	1	5	3
OTU_994	0	0	0	2	0	0
OTU_995	3	4	5	1	1	2
OTU_998	4	2	4	2	1	5
OTU_999	0	0	1	1	0	0
OTU_1000	0	2	0	0	0	1
OTU_1002	0	3	3	2	0	0
OTU_1003	0	0	0	2	0	0
OTU_1004	0	0	0	0	1	0
OTU_1005	4	5	3	1	3	1
OTU_1007	0	0	0	1	0	0
OTU_1009	1	0	0	1	0	0
OTU_1011	0	0	1	0	0	1
OTU_1014	2	0	0	2	0	1
OTU_1015	0	0	1	0	1	1
OTU_1017	0	0	0	1	0	0
OTU_1018	21	9	21	17	13	10
OTU_1020	0	0	0	1	2	1
OTU_1022	1	1	0	0	0	1
OTU_1023	1	1	6	1	0	3
OTU_1026	0	1	0	0	0	0
OTU_1028	4	2	3	1	6	4
OTU_1029	2	0	0	3	1	1
OTU_1030	0	0	0	1	0	0
OTU_1031	4	0	2	3	2	1
OTU_1033	1	0	1	2	0	1
OTU_1035	0	0	0	1	0	1
OTU_1036	1	0	0	1	0	0
OTU_1038	0	1	1	0	0	0
OTU_1040	0	0	1	0	0	0
OTU_1041	0	0	0	2	0	1
OTU_1043	0	0	0	1	0	0
OTU_1044	2	2	3	2	0	0
OTU_1045	0	0	1	1	0	0
OTU_1047	0	1	0	0	0	0
OTU_1049	0	1	0	0	0	0
OTU_1052	0	0	0	0	2	0
OTU_1055	0	0	0	0	1	0
OTU_1058	0	0	2	0	0	3
OTU_1059	0	1	0	2	2	0
OTU_1060	0	0	0	0	0	1
OTU_1061	0	0	1	0	0	0
OTU_1064	1	0	0	1	0	1
OTU_1065	0	0	0	0	1	0
OTU_1069	11	2	2	2	0	1
OTU_1070	0	0	0	1	0	0
OTU_1072	1	3	1	6	0	1
OTU_1074	0	0	1	0	0	0
OTU_1075	0	1	1	1	1	1
OTU_1076	1	1	2	0	0	0
OTU_1078	1	0	0	3	0	0
OTU_1079	0	0	1	0	1	0
OTU_1080	1	1	1	1	1	0
OTU_1084	1	0	0	0	0	1
OTU_1085	1	0	0	1	1	0
OTU_1088	0	0	2	0	0	0
OTU_1090	0	0	1	0	0	0
OTU_1091	1	0	0	5	1	1
OTU_1095	1	1	0	1	0	1
OTU_1096	2	0	1	1	0	0
OTU_1097	0	0	0	1	1	0
OTU_1099	1	0	2	0	0	1
OTU_1100	1	3	1	1	3	3
OTU_1102	0	1	1	0	0	0
OTU_1103	1	0	0	0	1	0
OTU_1104	2	0	0	4	2	0
OTU_1107	15	11	14	15	4	0
OTU_1108	2	3	0	3	2	1
OTU_1111	1	1	1	0	0	1
OTU_1112	0	0	1	0	1	1
OTU_1114	1	0	0	1	0	0
OTU_1117	0	0	0	2	0	0
OTU_1119	3	6	4	0	3	3
OTU_1120	0	0	1	1	0	0
OTU_1122	0	1	2	1	0	0
OTU_1123	1	0	0	1	0	0
OTU_1124	1	0	0	0	1	0
OTU_1125	1	1	0	1	1	1
OTU_1128	0	1	1	1	0	1
OTU_1129	0	1	0	0	0	0
OTU_1130	3	0	2	1	1	0
OTU_1131	0	0	0	1	0	0
OTU_1133	1	0	1	0	0	0
OTU_1137	1	0	0	0	0	0
OTU_1138	1	2	0	0	0	0
OTU_1140	5	4	2	2	2	0
OTU_1141	0	1	0	0	1	0
OTU_1142	3	4	6	6	5	5
OTU_1145	1	2	1	1	1	0
OTU_1147	0	0	1	0	0	0
OTU_1149	0	2	3	0	2	0
OTU_1152	1	0	1	1	0	1
OTU_1154	2	0	0	2	0	1
OTU_1155	0	1	0	0	0	0
OTU_1159	0	0	0	1	0	0
OTU_1162	0	0	0	1	0	0
OTU_1163	1	1	0	0	0	0
OTU_1164	1	0	1	1	2	0
OTU_1165	1	0	0	0	0	0
OTU_1166	0	0	0	0	1	0
OTU_1168	10	6	5	15	3	3
OTU_1169	0	0	0	0	1	0
OTU_1172	1	1	1	0	0	0
OTU_1173	0	0	1	0	0	0
OTU_1174	1	0	1	2	0	0
OTU_1176	1	0	0	0	0	0
OTU_1177	4	1	1	0	0	1
OTU_1181	1	0	0	0	1	0
OTU_1186	5	2	4	2	2	1
OTU_1188	2	0	0	0	0	2
OTU_1192	0	1	0	0	1	0
OTU_1193	0	1	0	0	1	1
OTU_1194	0	0	1	1	1	0
OTU_1195	4	2	3	9	0	2
OTU_1196	0	0	0	1	0	0
OTU_1199	0	0	1	0	0	0
OTU_1200	0	0	3	3	0	0
OTU_1204	0	0	0	0	0	2
OTU_1205	1	0	0	0	0	0
OTU_1206	0	0	0	1	0	0
OTU_1209	3	3	5	4	8	1
OTU_1210	0	0	0	1	0	0
OTU_1211	0	0	1	1	0	0
OTU_1212	0	1	0	0	0	0
OTU_1213	0	3	0	0	1	1
OTU_1214	0	0	1	0	0	0
OTU_1216	1	1	0	1	1	1
OTU_1220	0	0	0	1	0	0
OTU_1221	0	0	0	1	0	0
OTU_1224	1	1	2	3	0	1
OTU_1227	4	2	1	3	0	4
OTU_1230	0	0	0	1	0	0
OTU_1231	0	0	0	1	0	1
OTU_1232	0	0	0	0	2	0
OTU_1235	0	0	0	1	1	1
OTU_1236	0	0	0	1	0	0
OTU_1237	0	2	0	0	1	0
OTU_1238	0	0	0	0	0	1
OTU_1239	0	2	0	2	3	0
OTU_1241	0	0	1	1	0	0
OTU_1242	0	1	1	0	0	1
OTU_1243	0	0	1	1	0	2
OTU_1244	0	0	0	1	1	0
OTU_1245	0	1	0	0	0	0
OTU_1246	4	2	10	5	5	1
OTU_1247	38	34	52	36	22	31
OTU_1248	1	0	0	3	0	0
OTU_1249	0	1	0	0	0	0
OTU_1250	1	0	1	2	3	1
OTU_1251	1	0	0	0	1	1
OTU_1252	2	0	1	3	2	0
OTU_1253	2	1	1	3	1	0
OTU_1260	0	0	0	2	0	0
OTU_1263	0	1	1	1	0	1
OTU_1268	3	2	1	2	3	4
OTU_1272	8	11	8	16	15	7
OTU_1274	0	0	1	0	0	2
OTU_1276	0	0	2	0	0	0
OTU_1278	0	0	0	0	0	1
OTU_1280	0	0	2	0	0	0
OTU_1281	0	2	1	2	0	1
OTU_1282	5	7	8	13	5	3
OTU_1287	0	1	0	0	0	0
OTU_1291	0	0	0	0	0	1
OTU_1292	0	0	0	0	0	1
OTU_1295	0	0	0	0	0	1
OTU_1296	2	0	0	0	1	1
OTU_1298	0	1	0	1	0	0
OTU_1299	1	0	0	0	0	1
OTU_1300	1	1	0	0	0	1
OTU_1301	0	0	0	0	1	0
OTU_1302	0	0	0	1	0	0
OTU_1303	15	12	14	7	10	8
OTU_1304	1	1	0	0	0	0
OTU_1305	0	1	2	0	1	1
OTU_1308	0	0	0	0	1	1
OTU_1309	1	1	0	0	0	0
OTU_1318	0	2	0	4	2	0
OTU_1333	9	11	10	9	9	4
OTU_1334	0	16	1	0	0	0
OTU_1335	0	0	1	0	0	0
OTU_1336	0	0	0	0	2	0
OTU_1337	0	1	0	0	1	0
OTU_1339	0	0	0	0	2	0
OTU_1343	0	0	0	2	0	0
OTU_1346	0	0	1	0	1	0
OTU_1347	1	0	0	1	0	0
OTU_1348	0	1	0	1	0	0
OTU_1349	1	1	1	0	0	0
OTU_1352	0	1	1	0	2	0
OTU_1354	0	0	1	0	0	0
OTU_1356	0	0	0	0	1	0
OTU_1359	0	0	0	1	0	0
OTU_1360	0	0	0	1	0	0
OTU_1361	0	0	0	1	0	3
OTU_1362	2	0	1	1	1	0
OTU_1363	0	2	1	2	1	0
OTU_1365	0	0	0	0	0	2
OTU_1366	0	0	0	1	0	0
OTU_1367	0	0	1	0	0	0
OTU_1377	0	0	1	0	0	0
OTU_1378	5	3	1	8	2	1
OTU_1380	1	0	0	0	0	0
OTU_1384	9	2	3	1	2	1
OTU_1386	1	0	1	1	1	2
OTU_1387	2	0	0	2	1	1
OTU_1388	0	0	1	0	0	1
OTU_1390	2	0	1	0	0	1
OTU_1396	1	0	0	0	2	0
OTU_1400	0	0	0	1	0	0
OTU_1401	0	1	0	2	0	0
OTU_1403	4	4	1	4	5	2
OTU_1405	0	1	0	2	0	3
OTU_1408	0	0	0	1	0	0
OTU_1410	0	0	0	0	1	1
OTU_1414	0	0	1	0	0	0
OTU_1415	3	10	1	2	1	0
OTU_1420	0	0	0	0	3	2
OTU_1425	2	0	0	0	0	0
OTU_1426	4	1	6	2	2	1
OTU_1427	0	0	0	2	0	0
OTU_1428	0	1	5	1	1	4
OTU_1437	1	0	0	0	0	0
OTU_1438	0	0	0	0	1	0
OTU_1439	1	3	2	1	0	0
OTU_1441	0	0	1	0	0	0
OTU_1442	1	0	1	0	0	0
OTU_1444	1	0	0	0	0	0
OTU_1447	0	0	1	0	0	0
OTU_1449	0	0	1	0	0	0
OTU_1451	0	2	0	0	0	0
OTU_1452	1	0	0	1	1	0
OTU_1454	6	1	1	1	0	0
OTU_1455	0	0	0	1	0	0
OTU_1456	1	1	0	1	0	0
OTU_1459	0	1	0	0	0	0
OTU_1464	1	1	0	0	0	1
OTU_1470	2	2	0	2	1	1
OTU_1471	0	0	0	0	0	1
OTU_1472	0	0	0	1	0	0
OTU_1473	0	0	0	0	1	0
OTU_1475	0	5	1	1	1	3
OTU_1476	3	0	0	3	1	0
OTU_1477	0	2	2	3	2	2
OTU_1484	1	0	0	0	0	0
OTU_1487	0	0	0	1	0	0
OTU_1489	0	0	0	1	0	0
OTU_1491	0	0	0	0	2	0
OTU_1497	0	1	1	0	0	0
OTU_1499	0	0	0	0	1	0
OTU_1500	4	0	0	1	1	0
OTU_1501	0	1	1	0	1	1
OTU_1504	0	0	5	0	2	0
OTU_1506	1	0	0	0	0	0
OTU_1508	2	0	0	0	0	1
OTU_1514	0	0	1	0	0	0
OTU_1515	0	1	0	0	0	0
OTU_1516	1	0	0	0	0	0
OTU_1517	1	0	0	0	0	0
OTU_1519	0	1	3	1	1	1
OTU_1520	0	0	1	0	0	2
OTU_1523	0	1	0	0	0	0
OTU_1525	0	1	0	0	0	0
OTU_1529	3	2	4	1	0	3
OTU_1531	0	0	3	3	2	0
OTU_1533	0	0	2	3	0	0
OTU_1534	5	2	2	4	1	0
OTU_1539	0	0	0	0	0	1
OTU_1544	0	5	5	2	5	2
OTU_1547	0	0	0	0	0	1
OTU_1548	0	0	1	0	0	0
OTU_1549	0	0	0	0	1	0
OTU_1551	0	0	0	1	0	0
OTU_1553	2	3	4	0	0	0
OTU_1554	0	0	0	1	0	0
OTU_1555	0	0	0	0	0	1
OTU_1557	0	0	1	1	0	0
OTU_1558	1	0	0	0	1	0
OTU_1559	1	1	0	1	0	2
OTU_1565	0	1	2	0	1	0
OTU_1567	0	0	0	1	0	0
OTU_1569	0	0	0	1	0	0
OTU_1571	0	0	0	1	0	0
OTU_1572	6	1	2	1	1	0
OTU_1573	4	0	0	2	1	3
OTU_1574	1	1	0	0	0	0
OTU_1576	0	0	0	0	0	1
OTU_1578	0	0	2	2	0	1
OTU_1584	0	0	1	0	0	0
OTU_1586	1	1	3	1	0	0
OTU_1588	0	0	0	1	0	0
OTU_1589	0	0	0	0	1	0
OTU_1591	1	0	0	0	0	0
OTU_1592	5	2	2	1	0	2
OTU_1597	0	0	0	0	1	0
OTU_1599	0	0	1	0	1	0
OTU_1602	1	0	1	1	0	0
OTU_1606	0	3	0	2	0	0
OTU_1607	0	1	0	1	0	3
OTU_1612	0	0	2	3	0	2
OTU_1613	0	0	0	2	0	0
OTU_1616	1	1	0	1	0	0
OTU_1619	0	0	0	0	0	1
OTU_1621	0	0	1	0	0	1
OTU_1626	0	0	1	0	0	0
OTU_1631	4	5	3	2	1	1
OTU_1634	0	0	0	1	0	0
OTU_1635	0	0	0	1	0	0
OTU_1636	0	0	0	1	1	0
OTU_1637	1	0	0	0	0	0
OTU_1639	0	0	0	1	0	0
OTU_1650	0	1	1	0	0	0
OTU_1653	0	0	1	2	0	0
OTU_1655	0	0	0	0	0	1
OTU_1658	0	0	2	0	1	0
OTU_1659	3	6	3	4	7	3
OTU_1661	0	0	0	0	0	1
OTU_1664	0	0	0	2	0	0
OTU_1667	0	1	0	1	3	1
OTU_1668	0	0	0	0	0	1
OTU_1672	0	1	0	1	0	0
OTU_1673	0	1	0	2	0	0
OTU_1675	1	0	0	0	0	0
OTU_1677	2	1	0	5	0	1
OTU_1679	2	1	0	1	1	0
OTU_1681	4	0	0	8	10	0
OTU_1685	1	0	3	0	0	0
OTU_1698	0	2	1	0	0	1
OTU_1700	0	0	1	0	0	1
OTU_1704	0	0	1	0	0	0
OTU_1710	0	1	1	0	0	1
OTU_1712	0	2	0	2	1	1
OTU_1715	2	0	0	1	0	0
OTU_1716	0	1	1	0	0	0
OTU_1723	0	0	0	1	1	1
OTU_1724	0	0	3	1	0	0
OTU_1725	0	0	0	1	0	1
OTU_1726	0	0	0	0	4	0
OTU_1728	0	0	0	0	0	1
OTU_1729	0	0	1	0	0	0
OTU_1733	2	0	0	0	0	0
OTU_1734	0	0	1	0	0	0
OTU_1736	0	0	0	0	1	0
OTU_1737	0	0	0	1	0	0
OTU_1741	1	0	0	0	0	0
OTU_1744	1	0	0	1	0	0
OTU_1745	0	1	0	0	1	1
OTU_1747	1	0	0	0	0	0
OTU_1754	2	6	2	2	0	1
OTU_1755	0	0	0	0	0	1
OTU_1760	1	0	3	0	0	0
OTU_1763	3	4	10	3	4	1
OTU_1765	1	0	0	0	0	0
OTU_1768	0	0	0	2	1	1
OTU_1770	0	1	1	1	0	1
OTU_1771	0	0	1	2	1	1
OTU_1772	0	0	1	1	0	0
OTU_1773	0	3	0	2	4	1
OTU_1776	0	0	1	1	2	0
OTU_1779	0	0	1	0	0	0
OTU_1780	0	1	0	0	0	1
OTU_1781	0	1	0	0	0	0
OTU_1782	7	13	18	8	10	10
OTU_1783	0	1	0	1	0	0
OTU_1784	0	0	0	1	0	0
OTU_1787	0	0	0	1	0	0
OTU_1791	0	1	0	1	0	0
OTU_1794	1	0	2	2	0	1
OTU_1795	4	4	2	1	2	2
OTU_1799	0	0	0	0	1	0
OTU_1803	0	0	0	1	1	0
OTU_1804	0	1	1	0	0	1
OTU_1806	0	1	0	3	1	3
OTU_1811	1	0	0	0	0	0
OTU_1816	1	0	0	0	0	0
OTU_1820	0	0	0	1	1	0
OTU_1821	0	2	1	0	1	1
OTU_1822	0	0	1	0	0	0
OTU_1824	6	3	0	2	1	2
OTU_1829	2	2	3	6	7	1
OTU_1831	1	0	0	2	0	0
OTU_1832	9	0	4	0	1	3
OTU_1833	0	1	1	0	0	0
OTU_1837	2	8	1	2	0	0
OTU_1838	0	0	0	1	0	0
OTU_1839	0	0	0	3	1	0
OTU_1840	0	1	0	1	1	0
OTU_1841	8	2	7	2	4	2
OTU_1843	0	0	0	0	1	0
OTU_1846	1	1	0	0	0	1
OTU_1847	0	1	0	0	3	1
OTU_1852	2	0	0	1	1	0
OTU_1857	0	1	1	2	1	1
OTU_1861	2	0	0	1	2	1
OTU_1862	0	0	1	3	2	1
OTU_1863	0	0	0	1	0	0
OTU_1869	6	0	2	3	2	3
OTU_1874	1	1	0	2	1	2
OTU_1875	0	0	1	0	0	0
OTU_1876	0	0	2	0	0	2
OTU_1879	1	0	0	0	0	0
OTU_1881	0	0	1	1	0	0
OTU_1883	0	0	0	0	2	0
OTU_1888	0	1	1	0	0	0
OTU_1896	0	0	0	0	1	0
OTU_1901	1	2	0	1	0	2
OTU_1903	1	1	0	0	0	0
OTU_1908	1	0	0	0	0	0
OTU_1910	1	0	0	0	0	0
OTU_1915	0	0	0	0	1	0
OTU_1918	0	0	2	0	0	0
OTU_1925	0	0	3	0	0	0
OTU_1927	4	11	12	8	8	10
OTU_1940	0	0	0	1	0	0
OTU_1943	0	0	0	1	0	0
OTU_1945	0	0	1	0	0	0
OTU_1946	0	0	0	1	0	0
OTU_1948	0	1	0	0	0	0
OTU_1953	2	1	1	1	2	0
OTU_1955	0	0	0	0	2	0
OTU_1958	1	4	0	0	1	1
OTU_1965	0	0	0	2	0	0
OTU_1966	1	0	0	0	0	0
OTU_1968	0	0	0	1	0	0
OTU_1970	0	0	0	1	0	1
OTU_1980	0	0	1	0	0	0
OTU_1986	0	0	0	0	0	1
OTU_1994	0	0	0	1	0	0
OTU_1995	1	0	0	0	0	0
OTU_1998	0	0	1	0	0	2
OTU_1999	1	0	0	0	0	0
OTU_2001	0	0	0	0	0	2
OTU_2006	1	0	1	4	0	0
OTU_2012	0	0	0	5	0	1
OTU_2013	0	0	2	0	0	0
OTU_2021	4	5	3	1	8	2
OTU_2022	1	0	0	0	0	0
OTU_2023	0	1	2	0	0	0
OTU_2024	0	1	0	0	0	0
OTU_2025	1	2	0	0	0	0
OTU_2033	0	0	0	1	0	0
OTU_2034	0	0	1	0	2	0
OTU_2040	0	0	0	2	3	1
OTU_2042	0	0	0	1	0	0
OTU_2044	0	0	0	1	0	0
OTU_2046	0	0	1	0	1	0
OTU_2049	0	0	0	1	0	0
OTU_2053	0	0	0	1	0	0
OTU_2056	1	0	0	1	0	0
OTU_2058	0	3	0	0	0	0
OTU_2060	0	0	0	1	0	0
OTU_2064	0	1	0	0	0	0
OTU_2073	0	0	0	0	1	0
OTU_2076	0	1	0	1	2	2
OTU_2081	0	0	1	1	0	1
OTU_2083	0	0	0	0	2	0
OTU_2087	0	0	0	1	0	0
OTU_2089	0	0	0	2	0	0
OTU_2091	0	1	0	0	0	0
OTU_2094	1	1	1	0	0	1
OTU_2095	3	1	4	1	0	0
OTU_2096	0	0	0	4	0	0
OTU_2110	0	1	2	0	1	1
OTU_2116	1	1	0	0	0	0
OTU_2118	0	0	1	0	0	0
OTU_2122	0	0	1	0	0	0
OTU_2126	0	0	5	5	0	1
OTU_2129	2	3	1	0	0	0
OTU_2131	0	1	0	0	0	0
OTU_2132	0	1	0	0	1	0
OTU_2134	0	3	2	0	0	1
OTU_2142	0	0	0	0	1	0
OTU_2145	0	0	0	0	1	0
OTU_2148	0	0	0	1	0	0
OTU_2149	1	1	1	4	0	0
OTU_2152	1	1	2	0	1	0
OTU_2153	1	0	1	1	1	0
OTU_2155	6	1	2	4	2	1
OTU_2156	1	1	0	0	0	0
OTU_2158	0	0	0	1	0	0
OTU_2159	1	0	0	0	0	0
OTU_2165	0	0	0	0	0	1
OTU_2167	1	0	2	2	0	0
OTU_2169	0	3	0	0	0	0
OTU_2171	0	0	1	1	0	0
OTU_2175	0	1	4	1	0	0
OTU_2176	0	0	0	1	0	0
OTU_2177	0	0	0	0	0	1
OTU_2182	1	1	1	0	1	0
OTU_2185	0	0	0	0	1	0
OTU_2186	0	1	0	0	0	0
OTU_2187	0	0	0	1	0	0
OTU_2196	0	2	1	0	5	2
OTU_2199	2	1	1	0	2	1
OTU_2205	0	0	0	0	1	0
OTU_2208	2	0	2	1	1	1
OTU_2216	0	0	1	3	0	1
OTU_2218	0	0	1	0	0	0
OTU_2221	0	0	0	0	0	1
OTU_2227	0	0	0	0	0	1
OTU_2234	1	0	0	2	0	1
OTU_2236	1	0	0	0	0	0
OTU_2242	0	1	0	0	1	1
OTU_2245	0	0	0	1	0	0
OTU_2247	3	1	2	3	2	1
OTU_2252	0	0	1	0	0	0
OTU_2259	0	0	0	1	0	0
OTU_2261	0	0	0	0	0	1
OTU_2269	0	0	0	1	0	0
OTU_2272	0	1	0	0	0	0
OTU_2274	1	0	1	1	0	0
OTU_2275	0	0	0	1	0	0
OTU_2278	0	0	4	7	1	4
OTU_2283	5	0	1	5	0	2
OTU_2288	0	0	0	1	0	0
OTU_2290	0	0	1	0	1	0
OTU_2292	0	0	0	1	0	0
OTU_2295	0	1	1	1	0	0
OTU_2300	0	0	0	1	0	0
OTU_2302	1	5	2	8	0	7
OTU_2309	1	1	0	0	1	0
OTU_2312	0	0	1	0	0	0
OTU_2313	0	0	1	0	0	0
OTU_2314	0	0	1	0	0	1
OTU_2316	0	1	0	0	0	0
OTU_2317	2	0	0	0	2	0
OTU_2324	1	0	0	0	0	0
OTU_2327	0	0	2	0	1	0
OTU_2328	18	6	11	12	6	5
OTU_2331	0	0	0	0	1	0
OTU_2335	0	1	0	0	0	0
OTU_2336	0	0	0	1	0	0
OTU_2337	1	1	1	4	4	1
OTU_2339	0	0	0	0	1	0
OTU_2347	0	2	1	0	0	0
OTU_2349	0	0	0	1	0	0
OTU_2350	1	1	0	3	2	2
OTU_2356	0	0	0	1	0	1
OTU_2359	9	4	5	4	7	5
OTU_2361	1	0	1	1	1	0
OTU_2366	0	0	0	1	0	0
OTU_2375	0	0	0	1	0	0
OTU_2381	1	0	0	0	0	0
OTU_2390	0	0	0	0	1	0
OTU_2392	0	0	1	0	0	0
OTU_2395	1	1	1	1	0	0
OTU_2403	0	0	1	0	1	0
OTU_2406	0	1	0	0	0	1
OTU_2408	3	2	3	1	2	1
OTU_2410	2	0	2	0	0	0
OTU_2411	0	0	0	1	0	0
OTU_2412	2	1	0	0	1	0
OTU_2414	0	0	0	1	0	0
OTU_2415	0	0	1	0	0	0
OTU_2420	0	0	0	1	0	0
OTU_2422	0	0	1	0	0	0
OTU_2426	0	0	1	0	0	0
OTU_2430	0	0	0	0	1	0
OTU_2434	0	0	1	1	0	1
OTU_2442	0	0	1	0	2	0
OTU_2445	1	0	2	1	0	0
OTU_2446	0	0	0	0	2	0
OTU_2451	0	2	0	1	3	1
OTU_2457	0	0	0	1	0	0
OTU_2458	0	0	0	0	1	1
OTU_2459	0	0	0	0	0	1
OTU_2461	4	4	2	1	0	3
OTU_2462	0	0	1	1	0	1
OTU_2463	0	0	1	1	0	0
OTU_2468	5	0	0	1	3	0
OTU_2473	0	0	0	1	0	0
OTU_2479	1	0	0	0	0	0
OTU_2483	0	1	3	2	1	1
OTU_2485	4	1	3	2	1	1
OTU_2486	0	0	1	0	0	0
OTU_2487	3	1	2	1	1	0
OTU_2495	1	0	1	0	0	0
OTU_2498	1	0	0	0	0	0
OTU_2503	0	0	0	1	0	0
OTU_2511	0	1	0	2	1	1
OTU_2512	1	0	8	0	0	0
OTU_2513	0	1	0	0	0	0
OTU_2520	0	1	0	0	0	0
OTU_2522	0	0	0	0	0	1
OTU_2527	1	1	0	0	0	0
OTU_2528	0	0	0	1	0	0
OTU_2533	0	0	0	1	0	0
OTU_2539	1	2	1	1	0	0
OTU_2545	0	3	0	1	1	0
OTU_2548	0	1	6	0	3	0
OTU_2549	0	1	1	0	0	0
OTU_2551	1	1	1	1	1	1
OTU_2552	0	0	0	0	1	0
OTU_2554	0	0	0	1	0	0
OTU_2555	0	0	0	0	1	0
OTU_2557	2	0	0	0	0	0
OTU_2558	0	1	0	0	0	0
OTU_2561	0	0	0	0	0	1
OTU_2562	0	0	0	0	1	1
OTU_2563	0	2	0	3	2	0
OTU_2567	0	0	0	2	0	0
OTU_2568	0	1	1	0	0	0
OTU_2570	0	0	0	1	0	0
OTU_2578	0	0	0	0	1	0
OTU_2589	0	0	0	1	1	0
OTU_2591	0	0	2	2	1	1
OTU_2598	0	0	1	1	0	0
OTU_2601	1	0	1	0	0	0
OTU_2605	0	0	0	5	0	0
OTU_2607	1	1	0	1	0	0
OTU_2609	28	43	68	39	35	21
OTU_2614	0	0	1	0	0	0
OTU_2616	1	0	0	0	0	1
OTU_2617	0	0	0	1	0	0
OTU_2618	1	1	4	0	2	0
OTU_2620	1	0	0	0	0	0
OTU_2623	0	0	1	1	0	0
OTU_2625	0	0	0	1	0	0
OTU_2627	0	0	1	0	0	0
OTU_2630	0	0	0	1	0	0
OTU_2631	0	1	0	0	1	0
OTU_2642	0	0	0	0	0	1
OTU_2645	0	1	0	0	0	0
OTU_2652	0	0	1	0	0	0
OTU_2660	0	0	0	0	1	0
OTU_2661	1	1	1	0	0	0
OTU_2672	0	0	1	1	0	0
OTU_2675	2	0	1	2	2	0
OTU_2689	1	0	0	0	0	1
OTU_2693	0	0	0	1	0	0
OTU_2694	0	1	0	0	1	0
OTU_2695	4	0	0	3	2	0
OTU_2697	0	0	3	0	0	0
OTU_2698	0	4	0	0	0	2
OTU_2699	0	0	1	0	0	0
OTU_2704	0	0	1	0	0	1
OTU_2707	0	0	1	0	0	0
OTU_2708	1	0	0	0	0	0
OTU_2709	0	0	1	1	0	0
OTU_2715	1	0	0	0	0	0
OTU_2720	0	0	0	0	1	0
OTU_2726	0	0	0	1	0	0
OTU_2731	0	1	0	0	0	0
OTU_2736	1	0	0	0	0	0
OTU_2740	1	1	0	1	1	1
OTU_2743	0	0	0	0	2	0
OTU_2747	0	0	0	1	0	0
OTU_2748	0	0	0	1	0	0
OTU_2756	0	0	0	1	0	0
OTU_2758	0	0	0	0	0	1
OTU_2762	0	1	0	0	0	0
OTU_2766	3	2	0	2	0	0
OTU_2770	0	1	0	0	0	0
OTU_2773	2	1	0	0	1	0
OTU_2774	0	0	0	2	0	0
OTU_2780	0	0	0	0	1	0
OTU_2783	1	1	0	2	0	0
OTU_2788	0	1	0	0	0	0
OTU_2790	0	0	0	2	0	0
OTU_2796	0	1	0	0	0	0
OTU_2806	1	0	0	0	0	0
OTU_2823	3	0	0	4	1	2
OTU_2824	1	0	0	0	0	1
OTU_2827	0	0	1	0	0	1
OTU_2829	0	0	1	0	0	0
OTU_2833	2	0	1	2	0	2
OTU_2835	0	0	0	1	0	0
OTU_2838	1	1	3	0	0	0
OTU_2839	0	0	0	0	0	1
OTU_2845	0	1	0	0	0	0
OTU_2848	2	7	5	8	2	1
OTU_2857	3	1	2	3	1	0
OTU_2870	3	0	1	0	0	4
OTU_2873	0	0	0	2	0	0
OTU_2882	0	0	0	0	0	1
OTU_2891	1	0	0	1	0	0
OTU_2895	2	0	0	0	0	1
OTU_2897	2	1	0	2	1	1
OTU_2900	2	0	0	2	0	0
OTU_2902	0	1	0	0	1	1
OTU_2914	0	0	0	0	0	1
OTU_2917	1	0	0	0	0	0
OTU_2921	1	0	0	3	0	2
OTU_2922	2	0	2	1	0	0
OTU_2924	0	0	1	1	0	0
OTU_2930	0	0	0	1	0	0
OTU_2931	0	0	0	0	1	0
OTU_2933	0	0	1	3	3	0
OTU_2938	0	0	0	0	1	0
OTU_2941	2	0	0	1	0	1
OTU_2948	0	0	0	0	0	1
OTU_2952	1	3	9	8	1	4
OTU_2960	0	0	0	1	0	0
OTU_2961	0	0	0	1	0	0
OTU_2962	0	0	0	0	1	0
OTU_2963	1	0	0	0	0	0
OTU_2966	0	2	0	0	0	1
OTU_2970	0	0	0	0	1	0
OTU_2974	0	0	0	0	1	0
OTU_2979	2	0	0	3	1	0
OTU_2988	0	0	1	0	0	0
OTU_2992	0	0	0	1	0	0
OTU_2999	1	0	0	0	0	0
OTU_3008	1	4	0	0	0	8
OTU_3013	0	0	0	0	1	1
OTU_3018	0	0	0	0	1	0
OTU_3019	0	0	0	1	0	0
OTU_3025	0	0	0	0	1	0
OTU_3026	0	0	0	1	1	0
OTU_3029	0	0	0	1	2	0
OTU_3043	0	0	0	0	3	0
OTU_3047	2	0	0	0	1	0
OTU_3054	0	0	1	0	0	0
OTU_3068	0	2	1	1	1	0
OTU_3082	0	0	1	0	0	0
OTU_3109	0	0	0	0	0	1
OTU_3110	0	0	1	0	0	0
OTU_3111	0	0	0	0	1	0
OTU_3114	0	0	0	1	0	0
OTU_3121	7	2	14	12	3	2
OTU_3123	1	0	1	0	0	0
OTU_3125	0	2	0	0	0	0
OTU_3132	0	0	0	0	1	0
OTU_3136	0	0	0	0	0	2
OTU_3137	0	0	0	1	0	0
OTU_3146	0	0	1	0	0	0
OTU_3150	0	0	0	1	0	0
OTU_3153	2	0	0	1	1	1
OTU_3158	0	1	0	0	0	0
OTU_3165	1	0	0	0	0	0
OTU_3171	0	1	0	0	1	1
OTU_3181	0	1	0	0	0	0
OTU_3182	0	1	0	1	1	0
OTU_3189	0	0	1	2	0	0
OTU_3191	0	0	2	0	2	1
OTU_3192	1	1	2	3	0	0
OTU_3201	0	0	0	0	0	1
OTU_3205	0	0	0	1	0	0
OTU_3206	0	1	0	0	0	0
OTU_3207	0	0	0	0	0	1
OTU_3209	0	0	0	0	0	1
OTU_3214	0	0	1	0	0	0
OTU_3232	0	0	1	0	0	0
OTU_3233	1	5	1	0	1	0
OTU_3236	1	0	0	0	0	0
OTU_3241	0	0	0	0	1	0
OTU_3247	1	1	0	2	0	0
OTU_3265	0	0	0	1	0	0
OTU_3277	0	0	0	1	0	0
OTU_3278	0	2	0	0	0	0
OTU_3287	0	0	0	1	0	0
OTU_3292	1	0	0	0	1	0
OTU_3297	0	0	0	0	0	1
OTU_3298	1	0	0	1	1	0
OTU_3303	0	1	0	0	1	2
OTU_3304	0	0	0	0	1	0
OTU_3307	0	1	0	2	0	2
OTU_3312	2	0	0	1	1	3
OTU_3325	0	0	1	0	0	0
OTU_3327	0	0	1	1	0	1
OTU_3342	0	0	0	0	0	1
OTU_3349	1	0	0	0	0	0
OTU_3356	0	1	0	0	0	0
OTU_3368	0	0	0	1	0	0
OTU_3371	2	0	0	0	0	0
OTU_3377	1	2	1	1	0	0
OTU_3378	3	0	0	0	0	0
OTU_3385	0	2	0	0	0	0
OTU_3398	0	0	0	0	1	0
OTU_3404	0	0	1	0	0	1
OTU_3406	0	0	0	0	1	0
OTU_3410	0	0	0	1	0	1
OTU_3412	0	0	0	0	0	1
OTU_3419	0	0	0	0	0	1
OTU_3426	0	0	0	0	1	0
OTU_3434	0	1	0	0	0	0
OTU_3437	1	0	1	1	1	0
OTU_3452	0	0	0	0	1	0
OTU_3460	0	0	0	3	0	0
OTU_3461	0	1	0	0	0	0
OTU_3471	1	0	0	0	0	1
OTU_3473	0	0	0	0	1	0
OTU_3477	1	0	0	0	0	0
OTU_3483	0	1	0	0	0	0
OTU_3504	1	0	0	0	0	0
OTU_3505	0	0	0	0	1	0
OTU_3507	0	0	1	1	0	0
OTU_3511	0	0	1	0	0	0
OTU_3513	0	0	1	1	0	0
OTU_3528	0	0	0	1	0	0
OTU_3532	0	0	0	1	0	0
OTU_3535	0	1	0	0	0	0
OTU_3536	0	1	0	0	0	0
OTU_3542	2	0	0	0	0	0
OTU_3546	0	0	0	1	0	0
OTU_3549	2	2	0	0	2	0
OTU_3555	2	2	0	0	0	1
OTU_3562	2	0	0	0	0	0
OTU_3566	0	1	0	1	2	0
OTU_3567	0	0	2	0	0	0
OTU_3580	1	0	0	0	0	0
OTU_3583	1	0	0	0	0	0
OTU_3589	0	0	1	0	1	1
OTU_3591	0	0	0	1	0	0
OTU_3600	1	0	0	0	0	0
OTU_3602	0	1	0	0	0	0
OTU_3611	0	0	1	0	0	0
OTU_3614	1	0	0	0	0	0
OTU_3625	0	1	2	1	2	1
OTU_3627	0	0	0	0	0	2
OTU_3631	0	1	0	0	1	0
OTU_3639	0	0	0	1	0	0
OTU_3640	0	0	0	0	1	0
OTU_3650	1	0	0	4	0	2
OTU_3659	0	0	2	0	0	0
OTU_3660	0	1	0	1	0	0
OTU_3670	3	0	1	2	0	0
OTU_3672	0	0	0	0	0	1
OTU_3673	0	0	1	0	0	0
OTU_3684	0	1	0	0	0	0
OTU_3685	1	0	1	0	1	0
OTU_3693	2	0	1	1	0	2
OTU_3695	0	1	0	0	0	0
OTU_3715	1	0	0	0	0	0
OTU_3735	0	0	1	0	0	0
OTU_3749	0	0	1	0	0	0
OTU_3755	2	0	1	1	0	0
OTU_3758	0	0	0	0	1	0
OTU_3761	0	0	1	0	0	0
OTU_3780	1	0	0	0	0	0
OTU_3783	0	0	0	0	0	1
OTU_3798	2	4	0	5	3	2
OTU_3799	0	0	0	0	1	2
OTU_3802	1	0	0	0	0	0
OTU_3806	0	0	0	1	0	0
OTU_3816	0	1	0	0	0	0
OTU_3819	1	0	1	1	3	3
OTU_3827	1	1	0	1	0	0
OTU_3828	0	2	0	2	2	0
OTU_3832	0	0	0	1	0	0
OTU_3843	0	0	1	0	0	0
OTU_3849	0	2	0	0	0	0
OTU_3861	0	0	1	0	0	0
OTU_3869	0	0	2	3	0	0
OTU_3875	0	0	1	1	0	1
OTU_3884	0	0	0	0	1	0
OTU_3885	3	2	2	8	4	2
OTU_3888	0	0	0	0	1	0
OTU_3891	1	0	2	1	2	0
OTU_3894	1	0	0	0	0	0
OTU_3905	0	0	1	0	0	0
OTU_3910	0	0	0	1	1	0
OTU_3914	1	0	0	0	0	0
OTU_3928	0	1	0	0	0	0
OTU_3946	0	1	0	0	0	1
OTU_3958	28	50	60	24	4	12
OTU_3969	0	0	0	0	0	1
OTU_3978	0	0	0	1	0	0
OTU_3986	0	1	0	0	0	0
OTU_3991	1	1	0	0	0	0
OTU_3992	0	0	1	3	1	0
OTU_4005	0	0	0	1	0	0
OTU_4009	0	0	1	0	0	0
OTU_4019	0	0	1	0	0	0
OTU_4020	0	0	3	0	0	0
OTU_4022	0	0	0	1	0	0
OTU_4040	1	0	0	1	1	0
OTU_4041	0	1	0	0	0	0
OTU_4045	0	0	0	1	0	0
OTU_4051	0	0	1	2	0	0
OTU_4055	1	0	0	0	0	0
OTU_4073	0	1	0	0	0	0
OTU_4079	1	0	0	0	0	0
OTU_4084	0	1	0	0	0	0
OTU_4086	0	0	1	0	0	0
OTU_4092	0	1	0	0	0	0
OTU_4099	0	0	1	0	0	0
OTU_4111	0	0	0	1	0	0
OTU_4127	0	0	1	0	0	0
OTU_4130	0	0	0	0	1	0
OTU_4136	0	0	1	0	0	0
OTU_4155	0	2	1	0	1	1
OTU_4177	0	0	0	0	0	1
OTU_4187	1	0	0	0	0	0
OTU_4190	0	0	1	0	0	0
OTU_4204	1	0	0	0	0	0
OTU_4206	1	0	1	1	0	1
OTU_4219	0	0	1	0	0	1
OTU_4223	7	6	20	10	7	8
OTU_4234	3	5	2	7	7	4
OTU_4238	1	0	1	2	0	2
OTU_4249	1	0	1	4	1	0
OTU_4251	0	0	0	1	0	0
OTU_4253	1	2	1	1	1	2
OTU_4259	0	0	1	0	0	0
OTU_4265	0	1	0	0	0	0
OTU_4271	0	0	0	0	1	0
OTU_4290	0	0	0	2	0	0
OTU_4308	0	0	0	1	0	0
OTU_4332	0	0	0	1	0	0
OTU_4354	0	0	0	0	1	0
OTU_4365	0	1	0	0	0	0
OTU_4373	0	0	3	0	2	1
OTU_4388	2	2	0	0	0	0
OTU_4409	0	0	0	0	1	0
OTU_4416	0	1	0	0	0	0
OTU_4418	0	1	1	2	0	1
OTU_4424	0	0	0	0	0	1
OTU_4440	0	1	0	0	0	0
OTU_4473	2	1	0	0	0	0
OTU_4480	0	0	0	0	1	0
OTU_4482	0	1	0	0	0	1
OTU_4492	0	0	1	0	0	0
OTU_4500	0	0	0	0	0	1
OTU_4501	1	0	0	0	0	0
OTU_4518	0	0	2	0	0	0
OTU_4528	0	0	0	1	0	0
OTU_4545	0	0	0	1	0	0
OTU_4564	0	0	0	1	0	0
OTU_4565	0	0	0	1	0	0
OTU_4580	0	0	0	1	0	0
OTU_4581	1	4	4	2	0	4
OTU_4601	0	1	0	0	0	0
OTU_4605	0	1	0	0	1	0
OTU_4611	1	1	0	1	0	0
OTU_4613	0	1	0	0	0	1
OTU_4616	0	0	1	0	0	0
OTU_4621	0	0	0	2	0	0
OTU_4630	0	0	0	1	0	0
OTU_4638	0	0	1	0	0	0
OTU_4640	1	0	0	0	0	1
OTU_4641	1	0	0	0	0	0
OTU_4645	0	1	1	1	0	0
OTU_4661	0	0	0	0	0	1
OTU_4662	0	0	0	1	0	0
OTU_4676	1	1	1	5	0	0
OTU_4687	0	1	1	0	0	1
OTU_4699	0	0	0	0	0	1
OTU_4706	0	0	1	0	0	0
OTU_4746	0	1	0	0	0	0
OTU_4753	0	0	0	0	1	0
OTU_4756	1	0	0	0	0	0
OTU_4757	56	21	106	41	22	26
OTU_4783	0	0	0	1	0	0
OTU_4793	0	0	1	0	0	1
OTU_4801	0	0	0	0	1	1
OTU_4805	0	0	1	0	0	0
OTU_4808	0	0	0	1	0	0
OTU_4814	0	1	0	0	0	0
OTU_4816	1	2	1	2	2	1
OTU_4841	0	0	0	0	0	1
OTU_4846	0	0	0	1	0	0
OTU_4847	0	0	0	0	1	0
OTU_4853	0	0	0	0	0	1
OTU_4858	3	1	0	0	1	0
OTU_4874	0	0	0	1	0	1
OTU_4878	0	0	0	1	0	0
OTU_4888	1	0	1	1	0	0
OTU_4889	0	0	0	2	0	0
OTU_4895	1	0	0	1	0	2
OTU_4921	1	0	0	0	0	0
OTU_4926	1	0	0	0	0	0
OTU_4936	5	1	0	0	0	0
OTU_4944	0	0	0	0	0	1
OTU_4960	4	4	5	4	4	0
OTU_4967	1	0	3	0	0	0
OTU_4970	0	0	0	1	0	0
OTU_4984	0	0	0	1	0	0
OTU_4989	0	0	0	2	0	0
OTU_4999	30	32	36	20	17	13
OTU_5007	0	1	0	0	0	0
OTU_5016	0	1	0	0	0	0
OTU_5027	1	0	0	0	0	0
OTU_5028	1	1	0	0	1	0
OTU_5033	0	0	0	1	0	0
OTU_5036	0	0	0	1	0	0
OTU_5037	0	0	1	0	0	1
OTU_5056	0	1	0	0	0	0
OTU_5063	0	0	0	1	1	0
OTU_5064	0	0	0	0	1	0
OTU_5088	0	1	1	0	0	0
OTU_5090	0	0	0	0	0	1
OTU_5109	1	0	0	0	0	0
OTU_5113	1	0	0	0	0	0
OTU_5114	1	0	0	0	0	0
OTU_5117	0	0	0	1	0	0
OTU_5124	0	0	0	1	0	0
OTU_5147	4	8	4	16	1	3
OTU_5156	19	16	11	11	11	6
OTU_5164	0	0	0	0	1	0
OTU_5172	0	0	0	1	0	1
OTU_5182	0	0	1	0	0	0
OTU_5222	0	0	1	0	0	0
OTU_5227	0	1	0	1	0	0
OTU_5230	0	0	0	1	0	0
OTU_5234	0	0	0	0	1	0
OTU_5263	0	0	0	0	0	1
OTU_5277	1	0	0	0	0	0
OTU_5283	1	0	0	0	0	0
OTU_5300	0	1	0	1	0	1
OTU_5306	0	0	0	1	0	0
OTU_5309	1	0	0	0	0	0
OTU_5316	0	0	0	1	0	0
OTU_5318	0	0	0	0	1	0
OTU_5339	0	1	0	0	1	0
OTU_5344	0	0	1	0	0	0
OTU_5347	0	0	0	1	0	0
OTU_5348	0	0	1	0	0	0
OTU_5353	2	0	0	0	0	0
OTU_5371	0	0	1	0	0	0
OTU_5372	0	0	1	0	0	0
OTU_5374	0	0	2	2	0	0
OTU_5382	4	6	8	6	1	2
OTU_5384	0	0	0	0	0	1
OTU_5385	0	0	0	1	0	0
OTU_5387	0	1	0	0	0	0
OTU_5390	0	0	0	1	0	0
OTU_5398	1	0	0	0	0	0
OTU_5400	2	0	1	0	1	2
OTU_5458	0	0	0	1	0	0
OTU_5467	219	257	591	453	106	106
OTU_5475	0	1	1	4	0	0
OTU_5477	0	0	0	0	1	0
OTU_5512	0	0	0	0	0	1
OTU_5532	1	0	0	0	0	0
OTU_5546	16	19	21	14	6	13
OTU_5553	0	0	0	0	0	1
OTU_5556	0	0	0	0	0	1
OTU_5571	1	0	0	0	0	1
OTU_5573	0	0	0	0	0	1
OTU_5580	0	0	0	0	1	0
OTU_5605	0	1	0	0	0	0
OTU_5609	0	0	0	0	1	0
OTU_5617	0	0	1	0	1	0
OTU_5643	0	0	0	1	0	0
OTU_5659	0	0	0	0	1	0
OTU_5682	0	0	0	3	0	2
OTU_5685	0	1	0	0	1	0
OTU_5702	0	2	2	2	0	0
OTU_5720	13	13	18	19	8	7
OTU_5742	0	0	0	0	1	0
OTU_5743	1	0	0	0	0	0
OTU_5788	0	1	0	0	0	0
OTU_5796	0	0	0	1	0	0
OTU_5799	1	0	0	0	0	0
OTU_5810	0	0	0	0	1	0
OTU_5814	0	0	2	0	0	1
OTU_5833	1	1	0	0	0	0
OTU_5856	0	0	0	1	0	0
OTU_5860	0	0	0	0	1	0
OTU_5876	0	1	1	0	0	0
OTU_5879	0	1	0	0	0	0
OTU_5900	0	0	1	0	0	0
OTU_5914	0	0	0	0	1	1
OTU_5920	0	0	0	0	0	1
OTU_5934	1	4	0	0	0	1
OTU_5945	2	1	6	8	0	6
OTU_5954	0	3	4	2	2	0
OTU_5970	0	0	1	3	0	0
OTU_5989	0	0	0	1	0	0
OTU_5993	0	0	0	0	0	1
OTU_5998	3	0	2	0	0	0
OTU_6000	2	1	2	3	1	1
OTU_6001	0	0	0	1	0	0
OTU_6004	1	0	0	0	0	0
OTU_6011	0	0	0	0	0	1
OTU_6022	0	0	0	1	0	0
OTU_6029	4	2	5	2	4	2
OTU_6031	0	1	0	1	0	0
OTU_6049	1	1	0	1	0	3
OTU_6052	0	1	0	0	0	0
OTU_6053	1	0	0	0	0	0
OTU_6063	0	0	0	2	0	0
OTU_6075	1	0	0	0	0	0
OTU_6087	0	0	0	1	0	0
OTU_6097	9	15	14	8	5	2
OTU_6118	0	0	0	1	0	0
OTU_6127	1	0	0	0	0	0
OTU_6151	5	4	3	7	8	5
OTU_6171	1	0	0	0	0	0
OTU_6186	0	0	1	0	0	0
OTU_6187	0	0	0	0	1	0
OTU_6194	0	0	0	0	0	1
OTU_6196	0	0	0	1	0	0
OTU_6203	0	0	0	3	0	1
OTU_6205	1	0	0	0	0	0
OTU_6211	2	1	0	1	8	0
OTU_6231	0	0	1	0	0	0
OTU_6233	1	0	3	1	1	1
OTU_6263	3	3	0	1	1	1
OTU_6281	4	0	0	2	0	1
OTU_6291	1	0	1	0	2	2
OTU_6305	1	0	0	2	1	0
OTU_6331	3	0	1	2	1	3
OTU_6333	2	1	0	1	1	1
OTU_6334	2	13	24	17	9	3
OTU_6338	0	0	0	1	0	0
OTU_6349	0	1	0	0	0	0
OTU_6355	0	0	0	0	0	1
OTU_6370	0	1	0	0	0	0
OTU_6371	0	0	1	0	0	0
OTU_6387	0	0	2	0	0	0
OTU_6401	1	0	0	1	0	0
OTU_6427	1	0	0	0	0	0
OTU_6442	2	2	0	2	0	0
OTU_6447	0	1	0	0	0	0
OTU_6482	0	0	1	1	0	0
OTU_6489	0	0	0	0	0	1
OTU_6499	0	0	0	0	1	0
OTU_6516	1	0	0	0	0	0
OTU_6518	0	0	0	0	1	0
OTU_6530	1	0	0	0	0	0
OTU_6534	1	3	2	0	1	0
OTU_6578	0	0	0	1	0	0
OTU_6579	0	0	0	1	1	0
OTU_6595	3	0	0	0	0	0
OTU_6650	1	0	0	0	0	0
OTU_6652	1	0	0	0	0	0
OTU_6661	7	1	2	2	1	3
OTU_6663	14	21	24	6	5	7
OTU_6669	0	0	1	0	0	0
OTU_6685	0	0	1	0	0	0
OTU_6687	1	2	2	5	0	3
OTU_6692	0	0	0	0	2	0
OTU_6712	1	0	0	0	0	0
OTU_6721	0	0	1	0	0	0
OTU_6722	0	1	1	0	0	0
OTU_6725	2	0	2	9	5	3
OTU_6759	0	0	0	0	1	0
OTU_6766	0	0	1	0	0	0
OTU_6818	0	1	0	0	0	0
OTU_6827	0	0	1	0	0	0
OTU_6837	5	2	10	7	6	10
OTU_6846	1	0	0	0	0	0
OTU_6856	0	0	0	0	0	1
OTU_6867	0	0	0	1	0	0
OTU_6876	0	0	2	0	0	0
OTU_6896	0	0	0	1	0	0
OTU_6903	0	0	0	0	1	0
OTU_6924	1	0	0	1	0	0
OTU_6928	0	0	0	0	1	0
OTU_6929	0	0	1	0	0	0
OTU_6948	0	0	0	1	0	0
OTU_6959	1	0	0	0	0	0
OTU_6966	0	0	0	0	0	1
OTU_6981	7	13	9	20	12	5
OTU_6992	0	0	0	1	0	0
OTU_7014	0	0	0	0	0	1
OTU_7015	1	1	0	0	0	0
OTU_7020	3	5	3	4	2	3
OTU_7023	0	0	1	0	0	0
OTU_7027	1	0	0	0	0	0
OTU_7030	1	0	0	0	1	0
OTU_7037	0	0	1	0	0	0
OTU_7039	0	0	0	0	1	0
OTU_7064	0	0	0	0	0	1
OTU_7066	1	0	0	0	0	0
OTU_7103	0	0	0	3	0	0
OTU_7119	0	1	0	1	0	0
OTU_7124	0	0	0	1	0	1
OTU_7130	3	0	17	6	1	3
OTU_7191	1	1	2	1	4	0
OTU_7192	0	0	1	0	0	0
OTU_7217	0	0	1	0	0	0
OTU_7250	0	0	1	0	0	0
OTU_7270	0	0	1	0	0	0
OTU_7298	0	1	0	0	0	0
OTU_7300	0	1	1	1	0	1
OTU_7324	27	17	41	41	28	26
OTU_7325	0	0	0	0	1	0
OTU_7338	0	0	1	0	0	0
OTU_7341	0	0	0	1	0	0
OTU_7350	1	0	0	1	0	0
OTU_7368	1	0	0	0	0	0
OTU_7387	1	2	1	1	1	1
OTU_7393	1	0	0	0	0	0
OTU_7394	1	4	0	1	2	4
OTU_7425	0	0	0	0	1	0
OTU_7452	0	0	0	0	0	1
OTU_7460	0	0	0	0	0	1
OTU_7492	1	0	0	0	0	0
OTU_7494	0	0	1	0	5	1
OTU_7513	0	0	2	2	0	0
OTU_7527	1	0	0	0	0	0
OTU_7545	0	1	0	0	0	0
OTU_7594	0	0	0	0	0	1
OTU_7601	0	1	0	0	0	0
OTU_7614	0	0	1	0	0	0
OTU_7618	0	0	0	0	1	0
OTU_7627	0	0	0	0	0	1
OTU_7644	0	0	1	0	0	0
OTU_7667	1	10	8	0	9	12
OTU_7691	1	0	0	2	0	0
OTU_7694	0	1	0	0	0	0
OTU_7706	0	0	0	1	0	0
OTU_7722	0	0	0	2	0	0
OTU_7734	0	0	0	0	1	2
OTU_7753	0	0	0	0	1	0
OTU_7760	0	1	0	0	0	0
OTU_7796	0	0	0	0	0	1
OTU_7797	1	0	0	0	0	0
OTU_7811	0	0	0	0	1	0
OTU_7838	0	0	1	1	0	0
OTU_7893	2	2	4	7	2	4
OTU_7902	6	1	7	13	5	7
OTU_7912	1	0	0	0	0	0
OTU_7920	0	0	1	0	0	1
OTU_7939	0	0	0	0	0	1
OTU_7948	2	0	0	0	0	1
OTU_7958	0	0	1	0	0	0
OTU_7960	1	0	0	0	0	1
OTU_7961	1	1	0	1	0	0
OTU_7978	0	2	1	0	2	0
OTU_7996	0	0	1	0	0	0
OTU_7997	7	7	3	4	2	5
OTU_8017	0	0	0	0	0	1
OTU_8048	0	1	0	0	0	0
OTU_8049	11	3	7	9	3	5
OTU_8070	1	0	0	0	0	0
OTU_8076	4	2	3	6	1	1
OTU_8119	1	0	0	0	0	0
OTU_8155	0	0	1	0	0	0
OTU_8191	0	0	1	0	0	0
OTU_8215	0	0	0	0	1	0
OTU_8219	0	1	1	1	1	0
OTU_8252	1	0	0	1	0	0
OTU_8258	0	0	1	0	0	0
OTU_8259	2	3	5	2	2	0
OTU_8262	0	0	0	0	0	1
OTU_8264	1	2	6	8	5	11
OTU_8285	15	7	9	12	6	8
OTU_8290	0	1	0	0	0	0
OTU_8292	0	0	0	1	0	0
OTU_8303	1	0	0	0	0	0
OTU_8324	17	21	16	22	14	11
OTU_8337	0	0	0	0	0	1
OTU_8342	0	1	0	0	0	0
OTU_8348	2	1	1	4	4	3
OTU_8360	0	0	0	0	0	1
OTU_8378	55	78	132	87	35	48
OTU_8406	0	0	0	0	0	1
OTU_8439	1	0	0	0	0	0
OTU_8485	0	1	0	0	1	0
OTU_8491	0	0	0	2	0	0
OTU_8500	0	1	0	0	0	0
OTU_8508	0	0	0	1	0	0
OTU_8519	0	0	0	0	1	0
OTU_8543	0	0	0	0	0	1
OTU_8567	0	0	0	1	0	0
OTU_8592	0	1	0	0	0	0
OTU_8616	0	0	0	0	0	1
OTU_8638	0	0	0	0	0	1
OTU_8641	0	1	2	0	0	0
OTU_8642	0	0	0	1	0	0
OTU_8649	0	0	1	1	1	0
OTU_8656	0	0	1	0	1	0
OTU_8672	0	1	0	0	0	0
OTU_8678	0	0	0	0	2	0
OTU_8729	0	0	1	0	0	0
OTU_8736	1	0	0	0	0	0
OTU_8791	0	0	0	4	0	0
OTU_8819	1	0	0	0	0	0
OTU_8823	0	0	0	0	1	0
OTU_8842	0	0	0	1	0	0
OTU_8868	0	1	0	0	0	0
OTU_8892	0	0	1	0	0	0
OTU_8893	1	2	3	1	0	1
OTU_8898	2	0	3	0	1	0
OTU_8909	2	1	6	2	5	1
OTU_8933	39	92	84	49	54	27
OTU_8941	1	0	0	0	0	1
OTU_8946	0	1	1	0	0	1
OTU_8950	0	1	0	0	0	0
OTU_8960	0	0	1	0	0	0
OTU_8973	0	1	0	0	0	0
OTU_8974	173	90	149	209	134	94
OTU_8978	0	0	0	0	0	1
OTU_9004	0	1	0	0	0	1
OTU_9010	1	1	0	0	0	0
OTU_9029	0	0	0	1	0	0
OTU_9032	1	0	1	6	0	1
OTU_9047	0	2	0	0	0	1
OTU_9048	0	0	0	1	0	0
OTU_9059	2	0	0	0	0	0
OTU_9061	7	27	14	5	14	8
OTU_9085	0	1	0	0	0	0
OTU_9117	0	1	1	1	0	1
OTU_9120	1	1	0	1	3	1
OTU_9127	0	1	0	0	0	0
OTU_9145	1	0	0	0	0	0
OTU_9153	0	0	1	0	0	0
OTU_9158	6	1	4	3	0	1
OTU_9162	0	0	0	0	0	1
OTU_9163	0	1	0	0	0	0
OTU_9190	0	1	0	1	0	0
OTU_9196	10	11	9	16	7	5
OTU_9208	61	135	127	68	65	43
OTU_9287	14	23	17	12	23	17
OTU_9305	0	0	0	1	0	0
OTU_9327	0	0	0	1	0	0
OTU_9354	0	3	7	6	4	7
OTU_9366	5	5	5	13	2	5
OTU_9388	1	1	2	0	0	1
OTU_9398	0	2	0	3	1	0
OTU_9443	0	1	0	0	0	0
OTU_9461	0	0	0	1	0	0
OTU_9466	3	2	2	1	0	4
OTU_9475	60	34	77	132	91	46
OTU_9484	1	2	1	2	1	0
OTU_9517	0	0	1	0	0	0
OTU_9583	9	5	4	5	1	3
OTU_9614	0	0	1	0	0	0
OTU_9628	0	1	1	3	0	1
OTU_9632	0	1	0	0	0	0
OTU_9646	2	7	6	0	0	0
OTU_9695	1	0	0	2	0	0
OTU_9699	0	1	1	0	0	0
OTU_9704	0	1	2	1	1	0
OTU_9712	1	0	0	0	0	0
OTU_9719	0	0	1	0	0	0
OTU_9723	0	0	1	0	0	0
OTU_9744	1	1	3	0	7	1
OTU_9754	5	5	4	1	0	1
OTU_9759	0	0	1	0	0	0
OTU_9762	0	0	0	1	0	1
OTU_9805	0	0	0	1	0	0
OTU_9807	0	0	1	0	0	0
OTU_9837	0	0	0	0	1	0
OTU_9842	0	0	0	0	1	0
OTU_9845	0	0	0	1	0	0
OTU_9857	0	1	0	0	0	0
OTU_9891	1	0	0	0	1	0
OTU_9894	1	0	0	0	0	0
OTU_9895	0	0	1	0	0	1
OTU_9907	1	0	0	0	0	0
OTU_9921	20	51	16	18	20	11
OTU_9975	0	0	0	0	1	0
OTU_9978	0	1	0	0	0	0
OTU_10018	0	0	1	0	0	0
OTU_10020	0	0	0	0	1	0
OTU_10055	3	3	5	8	4	8
OTU_10114	0	0	1	0	0	0
OTU_10152	15	21	56	48	13	6
OTU_10153	0	0	0	0	0	1
OTU_10154	0	0	0	0	0	1
OTU_10163	1	0	0	0	0	0
OTU_10164	0	0	1	0	0	0
OTU_10169	0	4	7	3	1	1
OTU_10186	0	0	3	0	2	0
OTU_10188	0	0	0	0	0	1
OTU_10206	13	13	23	8	13	7
OTU_10272	0	0	0	0	1	0
OTU_10274	7	5	13	16	7	5
OTU_10275	1	2	11	3	5	1
OTU_10290	0	0	1	0	0	0
OTU_10318	1	0	0	0	0	0
OTU_10319	0	0	0	0	1	0
OTU_10322	0	0	1	0	0	0
OTU_10346	1	1	0	0	0	1
OTU_10356	3	0	2	1	0	2
OTU_10372	0	2	0	0	0	0
OTU_10381	0	0	0	1	0	0
OTU_10388	0	0	0	0	1	0
OTU_10395	0	0	0	0	1	0
OTU_10416	3	1	2	2	2	0
OTU_10430	0	1	0	0	0	0
OTU_10434	0	0	0	0	1	0
OTU_10452	2	2	0	2	2	0
OTU_10493	4	0	3	0	1	1
OTU_10498	1	0	0	0	0	0
OTU_10500	0	0	1	0	0	0
OTU_10520	0	3	0	3	2	3
OTU_10525	7	14	13	6	1	4
OTU_10529	7	9	11	20	16	12
OTU_10532	1	1	2	0	1	0
OTU_10545	0	2	1	0	0	0
OTU_10550	1	5	2	1	5	4
OTU_10552	0	0	0	1	0	0
OTU_10578	8	2	6	6	2	1
OTU_10580	0	0	1	0	0	0
OTU_10609	3	0	1	0	0	0
OTU_10624	0	3	0	0	0	0
OTU_10628	0	0	0	0	1	0
OTU_10640	0	0	0	0	0	1
OTU_10646	3	3	1	0	3	1
OTU_10693	4	5	8	2	4	2
OTU_10723	0	2	0	0	0	0
OTU_10729	0	0	0	0	1	0
OTU_10762	1	0	0	0	0	0
OTU_10767	1	2	2	0	0	0
OTU_10780	0	0	1	0	0	0
OTU_10786	0	0	0	0	1	0
OTU_10788	0	0	0	0	1	0
OTU_10798	0	0	1	0	0	0
OTU_10818	1	1	1	0	0	0
OTU_10820	4	2	2	1	2	1
OTU_10828	1	0	0	0	0	0
OTU_10843	2	0	0	2	0	0
OTU_10850	14	5	4	4	4	7
OTU_10862	17	33	31	14	12	8
OTU_10881	1	8	11	2	7	4
OTU_10882	1	0	0	0	0	0
OTU_10911	0	0	0	1	2	2
OTU_10920	1	1	0	1	1	0
OTU_10936	0	0	0	0	1	0
OTU_10965	0	1	2	4	0	1
OTU_11006	1	0	2	0	1	0
OTU_11038	1	0	0	0	1	1
OTU_11096	0	0	0	1	0	0
OTU_11104	0	0	0	1	0	0
OTU_11132	0	1	0	0	0	1
OTU_11147	0	1	0	0	0	0
OTU_11152	7	2	4	2	5	4
OTU_11184	4	4	2	3	3	3
OTU_11208	18	37	33	26	24	24
OTU_11274	1	0	0	0	0	0
OTU_11285	0	0	0	0	0	1
OTU_11303	1	0	1	1	1	0
OTU_11336	0	1	0	0	0	0
OTU_11340	4	1	1	1	1	0
OTU_11343	1	0	0	0	0	0
OTU_11386	0	0	0	0	2	0
OTU_11411	1	0	0	0	0	1
OTU_11417	1	0	0	0	0	0
OTU_11437	1	0	0	0	0	0
OTU_11439	2	4	2	3	2	1
OTU_11440	0	1	0	0	0	2
OTU_11456	0	1	2	0	0	1
OTU_11470	3	0	1	3	1	2
OTU_11482	8	6	5	2	1	1
OTU_11488	1	0	0	0	0	1
OTU_11511	5	2	7	19	17	7
OTU_11520	0	1	0	0	0	0
OTU_11521	0	0	1	0	0	0
OTU_11526	1	0	0	0	0	0
OTU_11537	5	7	4	6	2	5
OTU_11563	1	0	0	0	0	0
OTU_11566	0	0	1	0	1	0
OTU_11570	0	0	0	1	0	0
OTU_11573	24	53	33	18	13	14
OTU_11582	0	1	1	0	0	1
OTU_11593	1	0	0	0	0	0
OTU_11601	1	3	4	5	7	3
OTU_11621	0	1	0	0	0	0
OTU_11628	0	0	0	1	0	0
OTU_11640	0	2	0	1	1	1
OTU_11696	0	0	0	0	1	0
OTU_11710	2	1	1	2	0	1
OTU_11730	0	0	1	0	0	0
OTU_11737	0	0	0	1	0	0
OTU_11759	0	1	0	0	1	1
OTU_11807	1	0	0	0	0	0
OTU_11829	0	0	1	0	0	0
OTU_11834	0	0	0	1	1	1
OTU_11840	1	0	0	2	2	2
OTU_11856	0	0	0	1	0	0
OTU_11895	0	0	0	0	0	1
OTU_11936	0	0	0	0	1	0
OTU_11949	0	0	0	1	0	1
OTU_11960	0	1	0	0	0	0
OTU_11981	1	1	7	1	1	0
OTU_12011	2	3	4	1	0	2
OTU_12022	1	0	0	0	0	0
OTU_12052	0	0	1	2	0	0
OTU_12081	1	1	0	0	0	0
OTU_12082	1	0	1	1	0	0
OTU_12083	0	0	0	0	0	1
OTU_12096	0	0	1	0	0	0
OTU_12105	0	3	4	2	1	2
OTU_12115	2	5	3	1	4	2
OTU_12131	0	0	0	1	0	1
OTU_12174	0	0	1	1	0	0
OTU_12217	1	0	2	3	0	1
OTU_12226	0	0	1	0	0	0
OTU_12237	0	0	0	0	0	1
OTU_12285	1	0	0	0	0	0
OTU_12356	1	0	3	3	2	2
OTU_12370	2	0	0	4	2	1
OTU_12376	0	0	0	0	0	1
OTU_12404	1	0	0	2	1	1
OTU_12411	0	0	0	1	0	0
OTU_12414	0	0	1	1	0	1
OTU_12429	0	7	4	4	4	1
OTU_12446	1	3	3	2	5	1
OTU_12477	1	0	1	1	0	0
OTU_12489	31	31	29	38	18	13
OTU_12534	0	0	0	6	0	2
OTU_12546	0	1	0	0	0	0
OTU_12547	4	1	1	7	8	10
OTU_12577	0	0	0	0	1	0
OTU_12596	0	0	1	0	0	0
OTU_12619	0	0	0	0	0	1
OTU_12627	0	1	0	0	0	0
OTU_12628	0	0	0	0	0	1
OTU_12641	0	0	1	0	0	0
OTU_12652	2	2	3	2	3	2
OTU_12657	0	0	1	0	0	0
OTU_12677	0	1	0	2	5	2
OTU_12694	24	41	45	23	21	17
OTU_12707	1	0	0	0	0	2
OTU_12743	5	7	11	4	5	2
OTU_12753	0	0	1	1	0	0
OTU_12757	0	0	0	3	0	2
OTU_12760	0	0	0	0	0	2
OTU_12817	0	0	0	0	1	0
OTU_12822	1	0	0	0	0	0
OTU_12828	0	0	0	0	0	1
OTU_12857	0	0	0	0	0	1
OTU_12873	2	3	5	4	6	2
OTU_12887	2	0	4	0	2	0
